5,425
5,176
5,476
5,424
5,387
5,475
5,474
5,423
5,293
5,292
5,473
5,422
5,317
5,472
5,471
5,421
5,19
5,470
5,512
5,63
5,469
5,420
5,419
5,288
5,468
5,418
5,313
5,467
5,417
5,155
5,466
5,416
5,285
5,465
5,415
5,258
5,414
5,136
5,464
5,463
5,413
5,284
5,412
5,40
5,462
5,411
5,152
5,461
5,460
5,410
5,57
5,459
5,409
5,281
5,458
5,408
5,187
5,457
5,407
5,37
5,456
5,406
5,149
5,455
5,405
5,278
5,404
5,148
5,454
5,403
5,133
5,402
5,147
5,401
5,400
5,453
5,185
5,399
5,10
5,452
5,398
5,166
4294967279,512
5,397
5,184
5,451
5,275
5,450
5,396
5,183
5,395
5,145
5,449
5,394
5,274
5,448
5,383
5,393
5,144
5,382
5,392
5,142
5,391
5,256
5,381
5,390
5,141
5,380
5,379
5,389
5,388
5,378
5,177
6,13
4294967278,320
5,377
5,140
5,386
5,376
5,385
5,319
5,163
5,318
5,264
5,375
5,374
5,30
5,373
5,316
5,315
5,159
5,314
5,372
4294967278,319
5,371
5,370
5,369
5,261
5,368
5,312
5,367
5,311
5,366
5,310
5,365
5,364
5,309
5,363
5,362
5,308
5,361
5,360
5,307
5,186
5,359
5,306
5,168
5,358
5,357
5,305
4294967278,318
5,356
5,355
5,354
5,353
5,304
5,24
5,303
5,165
5,352
5,302
5,351
5,350
5,301
5,48
5,349
5,384
5,348
5,300
5,21
5,299
5,347
6,12
6,9
4294967279,136
5,298
5,346
5,297
5,296
5,265
5,295
5,46
5,345
5,294
5,344
5,162
5,161
5,291
4294967279,133
5,343
5,290
5,160
5,342
5,289
5,341
5,340
5,287
5,27
5,339
5,286
5,61
5,338
5,337
5,171
5,336
5,283
5,191
5,335
5,282
5,170
5,334
5,333
5,280
5,150
5,332
5,279
5,331
5,330
5,329
5,277
5,328
5,276
5,132
5,327
5,326
5,130
5,273
5,272
5,325
5,271
5,164
5,324
5,270
5,269
5,323
5,268
5,267
5,179
5,322
5,321
5,266
4294967279,319
4294967279,318
5,320
5,31
5,255
5,65
5,254
5,253
5,263
5,175
5,252
5,262
5,137
5,251
5,250
5,260
5,173
5,259
5,249
5,248
5,257
5,247
5,58
5,246
5,190
5,189
5,134
5,245
5,188
5,244
5,243
5,242
5,54
5,241
5,131
5,240
5,182
5,239
5,181
5,238
5,237
5,22
5,180
5,236
5,129
5,178
5,235
5,9
4294967279,317
6,11
4294967278,317
5,234
5,233
5,232
5,231
5,157
5,230
5,174
5,229
5,42
5,172
5,228
5,227
5,17
5,226
5,225
5,224
5,169
5,223
5,167
5,222
5,221
5,220
5,219
5,50
5,218
5,217
5,216
6,10
6,8
6,5
4294967279,316
4294967279,315
5,215
5,214
5,29
5,213
5,158
5,44
5,212
5,156
5,211
5,154
5,210
5,153
5,209
5,151
5,208
5,207
5,55
5,206
5,146
5,205
5,204
5,51
5,203
5,143
5,202
5,201
4294967294,986
4294967294,473
4294967278,316
4294967293,131
4294967293,130
4294967293,129
4294967293,128
4294967293,127
